0
0.00341796875
0.01025390625
0.01806640625
0.0283203125
0.03857421875
0.052734375
0.064453125
0.0703125
0.078125
0.0859375
0.09423828125
0.10498046875
0.10888671875
0.11669921875
0.12060546875
0.12744140625
0.13525390625
0.14306640625
0.15087890625
0.15869140625
0.16650390625
0.17431640625
0.18212890625
0.18994140625
0.19775390625
0.20556640625
0.20947265625
0.21337890625
0.22412109375
0.23486328125
0.24560546875
0.255859375
0.27197265625
0.28369140625
0.29541015625
0.3076171875
0.31982421875
0.33154296875
0.3427734375
0.35595703125
0.3681640625
0.375
0.384765625
0.396484375
0.40673828125
0.42041015625
0.43017578125
0.443359375
0.455078125
0.46826171875
0.47802734375
0.48974609375
0.5009765625
0.51318359375
0.52490234375
0.5400390625
0.5517578125
0.5634765625
0.57470703125
0.58154296875
0.58837890625
0.59521484375
0.6044921875
0.61474609375
0.62255859375
0.6328125
0.64306640625
0.65283203125
0.6630859375
0.67333984375
0.68017578125
0.6904296875
0.70068359375
0.70703125
0.71337890625
0.72314453125
0.7294921875
0.7431640625
0.75341796875
0.763671875
0.77392578125
0.7841796875
0.7919921875
0.8017578125
0.80859375
0.81884765625
0.82861328125
0.8408203125
0.8505859375
0.8603515625
0.8701171875
0.8779296875
0.884765625
0.892578125
