0
0.00341796875
0.00927734375
0.017578125
0.029052734375
0.042724609375
0.056396484375
0.070068359375
0.075927734375
0.083984375
0.092041015625
0.1015625
0.11376953125
0.11962890625
0.131591796875
0.137451171875
0.151123046875
0.164794921875
0.1748046875
0.1884765625
0.2021484375
0.2158203125
0.2294921875
0.2431640625
0.2568359375
0.2705078125
0.2841796875
0.2900390625
0.2958984375
0.305908203125
0.319580078125
0.32958984375
0.34326171875
0.35693359375
0.37060546875
0.38427734375
0.39794921875
0.41162109375
0.42529296875
0.43896484375
0.45263671875
0.46630859375
0.476318359375
0.489990234375
0.503662109375
0.516357421875
0.531494140625
0.545166015625
0.558837890625
0.572509765625
0.586181640625
0.599853515625
0.613525390625
0.627197265625
0.640869140625
0.654541015625
0.669677734375
0.683349609375
0.697021484375
0.710693359375
0.71875
0.732421875
0.740478515625
0.7509765625
0.762939453125
0.7734375
0.785400390625
0.79736328125
0.809326171875
0.8212890625
0.833251953125
0.84521484375
0.857177734375
0.869140625
0.8779296875
0.889892578125
0.90185546875
0.912841796875
0.926025390625
0.93798828125
0.949951171875
0.9619140625
0.973876953125
0.98583984375
0.997802734375
1.009765625
1.021728515625
1.03369140625
1.046875
1.058837890625
1.07080078125
1.082763671875
1.091064453125
1.096923828125
1.105224609375
